0 Assets/Image.bmp 100
0 Assets/grass_2.png 101
0 Assets/male_patched.png 102
0 Assets/pants_patched.png 103
0 Assets/gloves_patched.png 104
0 Assets/torso_patched.png 105
0 Assets/male_hair_patched.png 106
0 Assets/treetrunk.png 107
0 Assets/treetop.png 108
0 Assets/dummy.png 109
0 Assets/pinetrunk.png 110
0 Assets/pinetop.png 111

1 107 500 500 850 0.2

2 101 5000 5000 -1000 -1000 201 0       #grass

3 109 0 0 64 64 200 100 300 202 0.0     #dummy

15 80.0 290.0 40.0 20.0                 #collision

4 107 108 30 65 100 -300 0 0.3          #trees
4 107 108 30 65 200 -300 0 0.3
4 110 111 40 70 300 -300 0 0.3
4 107 108 30 65 400 -300 0 0.3
4 107 108 30 65 500 -300 0 0.3
4 107 108 30 65 600 -300 0 0.3
4 107 108 30 65 700 -300 0 0.3
4 107 108 30 65 800 -300 0 0.3

15 70 -320 70 40
15 170 -320 70 40
15 270 -320 70 40
15 370 -320 70 40
15 470 -320 70 40
15 570 -320 70 40
15 670 -320 70 40
15 770 -320 70 40

5 102 0 0 64 64 100 100 100 203 0 106 255 255 0 104 255 0 0 103 255 255 255 105 255 255 255         # player
5 102 0 0 64 64 350 200 100 204 0 106 0 255 0 104 255 255 255 103 255 255 255 105 255 255 255       # NPC
5 102 0 0 64 64 300 200 100 205 0

21 201 -1   #set grass to layer -1

22 202 1 #dummy blurs

23 203 100 100 3.0 100 300
24 204 350 200 1.0 100 301 0 0 4 200 0 2 0 300 2

#mob
25 205 300 200 1.0 100 0
